3,2
3,1
3,3
10,212
10,202
10,154
10,276
10,172
10,226
10,166
10,182
9,4
9,6
8,14
8,6
8,15
8,10
8,2
8,3
70,4
70,3
70,2
70,1
70,0
68,3
68,2
68,1
68,0
49,4
49,3
49,2
49,1
49,0
48,5
48,4
48,3
48,2
48,1
48,0
47,4
47,3
47,2
47,1
47,0
45,5
45,4
45,3
45,2
45,1
45,0
42,5
42,4
42,3
42,2
42,1
42,0
40,5
40,4
40,3
40,2
40,1
40,0
36,4
36,3
36,1
31,1
28,3
28,1
20,3
20,2
20,1
19,3
19,2
19,1
12,3
12,2
12,1
11,29
11,28
11,27
11,26
11,25
11,24
11,23
11,22
11,21
18,1
11,20
18,3
11,19
11,18
11,17
11,13
11,12
11,11
11,10
14,1
11,8
14,3
11,7
11,4
13,1
11,3
13,3
11,2
11,1
10,298
10,294
10,284
